0
0
0
0
0
0.436576
0.435114
0
0
0
0
0
0
0
0
0
0
0
0
0
0
0
0
0
0
0
0
0
0.658656
0.652939
0.370267
0.596002
0.679719
0.853137
0.658779
0.737632
0.636107
0.266845
0
0
0
0
0
0
0
0
0
0
0
0
0
0
0
0
0
0
0
0
0.936981
0.946829
0.952217
0.9483
0.950619
0.963803
0.968412
0.975207
0.974992
0.980007
0.982346
0.982921
0.97368
0.961505
0.952837
0.947012
0.941782
0.93994
0.943464
0.863218
0.944491
0.938695
0.950519
0.960972
0.970185
0.974747
0.974587
0.968986
0.963456
0.955169
0.955474
0.958031
0.964609
0.968627
0.972414
0.97256
0.964548
0.953457
0.962356
0.972939
0.973325
0.971281
0.969037
0.966186
0.967677
0.970373
0.976229
0.961926
0.974073
0.972376
0.959597
0.971251
0.966208
0.955061
0.939091
0.946904
0.92959
0.942857
0.779532
0
0
0
0
0
0
0
0
0
0
0
0
0
0
0
0
0
0
0
0
0
0
0
0
0
0
0
0
0
0
0
0
0
0
0
0
0
0
0.894793
0.908232
0.940134
0.922375
0.932626
0.928783
0.948811
0.947045
0.956491
0.9678
0.977058
0.976068
0.972124
0.97881
0.971747
0.969777
0.967933
0.975511
0.981765
0.978881
0.971646
0.954808
0.937314
0.90389
0.880665
0.734317
0
0
0.839055
0.787159
0.821828
0.929843
0.765697
0.242833
0.573871
0.655038
0
0
0
0
0
0
0
0
0.495063
0.493376
0
0.497161
0.495759
0
0
0
0
0
0
0
0
0
0.855836
0.809466
0.951778
0.978184
0.983781
0.979706
0.984823
0.990474
0.973747
0.962898
0.950995
0.933135
0.922583
0.934393
0.962609
0.97263
0.97508
0.98224
0.98763
0.978839
0.949365
0.629527
0.569045
0.797016
0.935923
0.942023
0.92965
0.937576
0.959041
0.979675
0.975796
0.982291
0.959142
0.571964
0.664275
0.618114
0.165896
0.547891
0.784672
0.962206
0.977893
0.955747
0.956731
0.954362
0.958104
0.961213
0.965263
0.960836
0.955654
0.94851
0.942382
0.939963
0.940013
0.940858
0.925541
0.902966
0.901326
0.931373
0.899457
0.81313
0.691313
0.799994
0.756003
0.92896
0.886555
0.755606
0.766327
0.944189
0.972498
0.97353
0.978002
0.982012
0.986153
0.98585
0.983944
0.984472
0.96562
0.956006
0.950141
0.951008
0.957201
0.956871
0.949589
0.930826
0.5953
0.431793
0.409175
0.348625
0.369054
0.746465
0.959902
0.958075
0.961298
0.961642
0.958629
0.965395
0.988289
0.922119
0.72239
0.44265
0.489525
0.379776
0.597232
0.381588
0.566435
0.880801
0.956051
0.966767
0.964565
0.968744
0.967481
0.969885
0.970635
0.971149
0.975917
0.971582
0.969606
0.964989
0.96396
0.962938
0.961602
0.964691
0.965494
0.969406
0.966488
0.960267
0.961108
0.965367
0.965366
0.966076
0.969467
0.969608
0.974415
0.978193
0.97747
0.968712
0.962001
0.950851
0.954271
0.949945
0.945344
0.944321
0.934822
0.934327
0.913312
0.057659
0.652746
0.65236
0.0226377
0
0
0
0
0
0
0
0
0
0
0
0
0
0
0
0
0
0
0
0
0
0.140459
0.27285
0
0
0
0
0.434195
0.42504
0
0
0.817385
0.971188
0.966388
0.960117
0.958721
0.960243
0.963043
0.970858
0.978517
0.979781
0.963193
0.95326
0
0
0
0
0
0.97464
0.982824
0.979778
0.977686
0.980078
0.984023
0.983824
0.979826
0.788354
0.657346
0
0.801918
0.855913
0.977628
0.977315
0.979007
0.976533
0.970105
0.967244
0.960378
0.965515
0.965138
0.952621
0.944181
0.920766
0.774371
0.542376
0.56215
0.479569
0.155703
0
0.493834
0.854246
0.622018
0.751349
0.883178
0.755119
0.328995
0.486952
0.727096
0.684059
0.755264
0.809437
0.762869
0.652758
0.724464
0
0.91573
0.913141
0.975888
0.974985
0.971869
0.968043
0.966497
0.96574
0.937697
0.948546
0.965166
0.95867
0.952593
0.95424
0.951338
0.96288
0.974347
0.972716
0.938567
0.932067
0.93551
0.941837
0.953571
0.962214
0.961415
0.934787
0.889125
0.845966
0.859033
0.872673
0.906819
0.931108
0.944984
0.739784
0.959508
0.975049
0.975521
0.970779
0.971584
0.975877
0.954013
0.943924
0.978106
0.96661
0.170618
0.0615089
0.205793
0.215116
0.314176
0.356257
0.212648
0.229364
0.35029
0.486026
0.705911
0.599201
0.645414
0.774835
0.754249
0.600601
0.444986
0
0.499154
0.599021
0.751987
0.744108
0.692635
0.668696
0
0.404718
0.360418
0.343747
0
0
0
0
0
0
0
0
0
0
0.786471
0.778179
0.779981
0.845847
0.896928
0.865384
0.649885
0.701537
0.286972
0.714085
0.929377
0.93603
0.941775
0.961217
0.965914
0.937707
0.958877
0.767521
0.815303
0.850746
0.980604
0.932295
0.695732
0.682455
0
0.498711
0.81284
0.969689
0.959422
0.95046
0.938336
0.930838
0.930762
0.942432
0.940722
0.933185
0.918846
0.61838
0.686174
0.442347
0.829765
0.193171
0
0.789413
0.789938
0.711958
0
0
0
0
0
0.555487
0.541532
0
0
0.474883
0.4855
0
0.092917
0.388104
0.00123882
0.0079057
0.147724
0.287616
0
0
0
0
0
0
0
0
0
0.972661
0.983541
0.988509
0.990374
0.992148
0.988775
0.988491
0.988887
0.981406
0.970947
0.966058
0.960904
0.957223
0.95487
0.961847
0.966728
0.976774
0.983736
0.971488
0.91695
0.708097
0.769237
0.849554
0.92771
0.958537
0.954459
0.954768
0.963295
0.972429
0.973673
0.971813
0.97048
0.962968
0.973236
0.970644
0.969888
0.972682
0.97446
0.983179
0.963987
0.6644
0.201699
0.19765
0.808665
0.949956
0.960218
0.942695
0.935639
0.9322
0.939224
0.923799
0.938806
0.945739
0.895622
0.938373
0.931898
0.950222
0.700521
0.882956
0.923871
0.974955
0.957906
0.972839
0.970685
0.968928
0.95604
0.91303
0.971133
0.946174
0.864931
0.761946
0.728471
0.823107
0.53059
0.469878
0.693277
0.935619
0.624541
0.767828
0.724935
0.916826
0.827314
0.680773
0.685626
0.526059
0.767744
0.722113
0.727294
0.824983
0.706356
0.422323
0.437697
0.643648
0.7245
0.619102
0.754671
0.823617
0.802431
0.726632
0
0
0
0
0
0.436576
0.435114
0
0
0
0
0
0
0
0
0
0
0
0
0
0
0
0
0
0
0
0
0
0.658656
0.652939
0.370267
0.596002
0.679719
0.853137
0.658779
0.737632
0.636107
0.266845
0
0
0
0
0
0
0
0
0
0
0
0
0
0
0
0
0
0
0
0
0.936981
0.946829
0.952217
0.9483
0.950619
0.963803
0.968412
0.975207
0.974992
0.980007
0.982346
0.982921
0.97368
0.961505
0.952837
0.947012
0.941782
0.93994
0.943464
0.863218
0.944491
0.938695
0.950519
0.960972
0.970185
0.974747
0.974587
0.968986
0.963456
0.955169
0.955474
0.958031
0.964609
0.968627
0.972414
0.97256
0.964548
0.953457
0.962356
0.972939
0.973325
0.971281
0.969037
0.966186
0.967677
0.970373
0.976229
0.961926
0.974073
0.972376
0.959597
0.971251
0.966208
0.955061
0.939091
0.946904
0.92959
0.942857
0.779532
0
0
0
0
0
0
0
0
0
0
0
0
0
0
0
0
0
0
0
0
0
0
0
0
0
0
0
0
0
0
0
0
0
0
0
0
0
0
0.894793
0.908232
0.940134
0.922375
0.932626
0.928783
0.948811
0.947045
0.956491
0.9678
0.977058
0.976068
0.972124
0.97881
0.971747
0.969777
0.967933
0.975511
0.981765
0.978881
0.971646
0.954808
0.937314
0.90389
0.880665
0.734317
0
0
0.839055
0.787159
0.821828
0.929843
0.765697
0.242833
0.573871
0.655038
0
0
0
0
0
0
0
0
0.495063
0.493376
0
0.497161
0.495759
0
0
0
0
0
0
0
0
0
0.855836
0.809466
0.951778
0.978184
0.983781
0.979706
0.984823
0.990474
0.973747
0.962898
0.950995
0.933135
0.922583
0.934393
0.962609
0.97263
0.97508
0.98224
0.98763
0.978839
0.949365
0.629527
0.569045
0.797016
0.935923
0.942023
0.92965
0.937576
0.959041
0.979675
0.975796
0.982291
0.959142
0.571964
0.664275
0.618114
0.165896
0.547891
0.784672
0.962206
0.977893
0.955747
0.956731
0.954362
0.958104
0.961213
0.965263
0.960836
0.955654
0.94851
0.942382
0.939963
0.940013
0.940858
0.925541
0.902966
0.901326
0.931373
0.899457
0.81313
0.691313
0.799994
0.756003
0.92896
0.886555
0.755606
0.766327
0.944189
0.972498
0.97353
0.978002
0.982012
0.986153
0.98585
0.983944
0.984472
0.96562
0.956006
0.950141
0.951008
0.957201
0.956871
0.949589
0.930826
0.5953
0.431793
0.409175
0.348625
0.369054
0.746465
0.959902
0.958075
0.961298
0.961642
0.958629
0.965395
0.988289
0.922119
0.72239
0.44265
0.489525
0.379776
0.597232
0.381588
0.566435
0.880801
0.956051
0.966767
0.964565
0.968744
0.967481
0.969885
0.970635
0.971149
0.975917
0.971582
0.969606
0.964989
0.96396
0.962938
0.961602
0.964691
0.965494
0.969406
0.966488
0.960267
0.961108
0.965367
0.965366
0.966076
0.969467
0.969608
0.974415
0.978193
0.97747
0.968712
0.962001
0.950851
0.954271
0.949945
0.945344
0.944321
0.934822
0.934327
0.913312
0.057659
0.652746
0.65236
0.0226377
0
0
0
0
0
0
0
0
0
0
0
0
0
0
0
0
0
0
0
0
0
0.140459
0.27285
0
0
0
0
0.434195
0.42504
0
0
0.817385
0.971188
0.966388
0.960117
0.958721
0.960243
0.963043
0.970858
0.978517
0.979781
0.963193
0.95326
0
0
0
0
0
0.97464
0.982824
0.979778
0.977686
0.980078
0.984023
0.983824
0.979826
0.788354
0.657346
0
0.801918
0.855913
0.977628
0.977315
0.979007
0.976533
0.970105
0.967244
0.960378
0.965515
0.965138
0.952621
0.944181
0.920766
0.774371
0.542376
0.56215
0.479569
0.155703
0
0.493834
0.854246
0.622018
0.751349
0.883178
0.755119
0.328995
0.486952
0.727096
0.684059
0.755264
0.809437
0.762869
0.652758
0.724464
0
0.91573
0.913141
0.975888
0.974985
0.971869
0.968043
0.966497
0.96574
0.937697
0.948546
0.965166
0.95867
0.952593
0.95424
0.951338
0.96288
0.974347
0.972716
0.938567
0.932067
0.93551
0.941837
0.953571
0.962214
0.961415
0.934787
0.889125
0.845966
0.859033
0.872673
0.906819
0.931108
0.944984
0.739784
0.959508
0.975049
0.975521
0.970779
0.971584
0.975877
0.954013
0.943924
0.978106
0.96661
0.170618
0.0615089
0.205793
0.215116
0.314176
0.356257
0.212648
0.229364
0.35029
0.486026
0.705911
0.599201
0.645414
0.774835
0.754249
0.600601
0.444986
0
0.499154
0.599021
0.751987
0.744108
0.692635
0.668696
0
0.404718
0.360418
0.343747
0
0
0
0
0
0
0
0
0
0
0.786471
0.778179
0.779981
0.845847
0.896928
0.865384
0.649885
0.701537
0.286972
0.714085
0.929377
0.93603
0.941775
0.961217
0.965914
0.937707
0.958877
0.767521
0.815303
0.850746
0.980604
0.932295
0.695732
0.682455
0
0.498711
0.81284
0.969689
0.959422
0.95046
0.938336
0.930838
0.930762
0.942432
0.940722
0.933185
0.918846
0.61838
0.686174
0.442347
0.829765
0.193171
0
0.789413
0.789938
0.711958
0
0
0
0
0
0.555487
0.541532
0
0
0.474883
0.4855
0
0.092917
0.388104
0.00123882
0.0079057
0.147724
0.287616
0
0
0
0
0
0
0
0
0
0.972661
0.983541
0.988509
0.990374
0.992148
0.988775
0.988491
0.988887
0.981406
0.970947
0.966058
0.960904
0.957223
0.95487
0.961847
0.966728
0.976774
0.983736
0.971488
0.91695
0.708097
0.769237
0.849554
0.92771
0.958537
0.954459
0.954768
0.963295
0.972429
0.973673
0.971813
0.97048
0.962968
0.973236
0.970644
0.969888
0.972682
0.97446
0.983179
0.963987
0.6644
0.201699
0.19765
0.808665
0.949956
0.960218
0.942695
0.935639
0.9322
0.939224
0.923799
0.938806
0.945739
0.895622
0.938373
0.931898
0.950222
0.700521
0.882956
0.923871
0.974955
0.957906
0.972839
0.970685
0.968928
0.95604
0.91303
0.971133
0.946174
0.864931
0.761946
0.728471
0.823107
0.53059
0.469878
0.693277
0.935619
0.624541
0.767828
0.724935
0.916826
0.827314
0.680773
0.685626
0.526059
0.767744
0.722113
0.727294
0.824983
0.706356
0.422323
0.437697
0.643648
0.7245
0.619102
0.754671
0.823617
0.802431
0.726632
