0
0
0
0
0
0
0
0
0
0
0
0
0
0
0
0
0
0
0
0
0
0
0
0
0
0
0
0
0
0.371457
0.227412
0.112091
0.320882
0.194418
0.177229
0.315859
0.426638
0.372638
0
0
0
0
0
0
0
0
0.0894387
0
0
0
0
0
0
0
0
0
0
0
0.0751375
0.525149
0.513348
0.285487
0.454675
0.346431
0.4472
0.47936
0.357064
0.426636
0.472382
0.488562
0.452508
0.511958
0.490639
0.548146
0.572058
0.547137
0.255323
0.272476
0.269646
0.659357
0.685788
0.64445
0.588545
0.668518
0.624559
0.627962
0.611099
0.552347
0.522193
0.423661
0.482455
0.440391
0.487826
0.407748
0.461056
0.474204
0.422755
0.426097
0.393163
0.363173
0.380544
0.350971
0.171891
0.284025
0.278994
0.158274
0.324947
0.0455601
0.0543081
0.0617728
0.0352708
0.0813117
0.0478529
0.0227394
0.111523
0.0703799
0
0
0
0
0
0
0
0
0
0
0
0
0
0
0
0
0
0
0
0
0
0
0
0
0
0
0
0
0
0
0
0
0
0
0
0
0
0
0
0.00991581
0.321372
0.363227
0.451156
0.384322
0.420552
0.385636
0.35434
0.29354
0.357484
0.395128
0.439375
0.468223
0.535434
0.560174
0.637451
0.632249
0.682876
0.671661
0.726034
0.440337
0.415204
0.191332
0.587093
0.457509
0.0621116
0.463767
0.159406
0.101829
0.384013
0.0493648
0.221423
0.379187
0.0178874
0.0536782
0
0
0
0
0
0
0
0
0
0
0
0
0
0
0
0
0
0
0
0
0
0
0
0.0204358
0.167163
0.211601
0.356169
0.420521
0.49092
0.424902
0.474303
0.18015
0.29625
0.49043
0.441004
0.49558
0.458459
0.440322
0.580955
0.593697
0.588315
0.536562
0.366518
0.0643996
0.108979
0.16867
0.235963
0.313785
0.497678
0.489829
0.57253
0.482796
0.569784
0.560295
0.535587
0.324568
0.156261
0.152599
0.208183
0.363135
0.39087
0.126841
0.0457641
0.254691
0.419999
0.353049
0.470225
0.416312
0.384967
0.500103
0.436022
0.436554
0.41699
0.440163
0.444318
0.40325
0.367971
0.308123
0.299719
0.274756
0.176115
0.357231
0.324984
0.268086
0.384489
0.325372
0.0913823
0.204595
0.305069
0.255124
0.137088
0.126234
0.358305
0.472669
0.464739
0.520688
0.491465
0.506479
0.481598
0.303076
0.385765
0.472895
0.448113
0.456915
0.327688
0.194092
0.0740354
0.0835399
0.217483
0.171874
0.182458
0.309842
0.126749
0.160286
0.510869
0.634872
0.647301
0.632494
0.528332
0.395559
0.326501
0.292936
0.160261
0.303533
21454.2
120139
0
0.0972154
101075
0.0357646
0.353846
0.410923
0.435105
0.446198
0.438681
0.402209
0.350435
0.422381
0.358024
0.336655
0.373452
0.4166
0.373179
0.391856
0.408265
0.376804
0.329086
0.401845
0.419226
0.455438
0.456048
0.512879
0.563871
0.58174
0.588761
0.635826
0.690641
0.701909
0.670311
0.692421
0.689035
0.705305
0.471741
0.38739
0.34328
0.255857
0.115434
0.342482
0
0.246154
0.617899
0
0
0
0
0
0
0
0
0
0
0
0
0
0
0
0
0
0
0
0
0
0
0.479596
0
0
0
0
0
0.0448128
0.0923665
0
0
0
0.368551
0.361141
0.352339
0.389802
0.425826
0.342165
0.301213
0.354713
0.152338
0.396442
0.145426
0
0.499988
0
0
0
0.297471
0.406841
0.576119
0.599391
0.636055
0.673784
0.463584
0.504965
0.279593
0
0
0.472197
0.246245
0.323877
0.56095
0.76552
0.746554
0.738504
0.711202
0.435958
0.32787
0.253238
0.366885
0.188745
0.378664
0.353123
0.199226
0.260108
0
0
0
0
0.188366
0.353501
0.163692
0.110092
0.186619
0.331983
0
0.164598
0.233027
0.195489
0.161058
0.096668
0
0
0
0.123341
0.415273
0.125775
0.427147
0.550725
0.56488
0.502103
0.421489
0.191446
0.196122
0.472142
0.498674
0.510793
0.450118
0.364705
0.419657
0.473914
0.478468
0.416047
0.484855
0.487294
0.432701
0.265894
0.40171
0.494032
0.42362
0.399512
0.415669
0.445956
0.431388
0.41529
0.352816
0.199312
0.0553081
0.121336
0.284742
0.327707
0.386309
0.396488
0.250687
0.181903
0.101616
0
0.00180736
0.117315
0.190151
0.202851
0.101823
0.208149
0.270613
0.137696
0.178772
0.207771
0.120358
0.192269
0.423719
0.196259
0.320014
0.280346
0.367066
0
0
0.344335
0.18116
0.193916
0.152953
0.423207
0
0
0
0.0313482
0
0
0
0
0
0
0
0
0
0
0
0
0
0
0.13923
0
0.346779
0.149145
0.197527
0
0.101989
0.0806594
0.312202
0.393769
0.456595
0.474736
0.384918
0.296182
0.13139
0.0983214
0.112505
-0.000165853
0.0192565
0.227577
0
0
0
0.202789
0.401377
0.585297
0.660488
0.669282
0.672156
0.668062
0.698509
0.70291
0.671651
0.31724
0.283524
0.264837
0.267398
0.0205729
0
0
0.407106
0.471817
0.290491
0
0
0
0
0
0
0
0
0
0
0
0
0
0
0.193154
0.339375
0.0904788
0.32839
0
0
0
0
0
0
0
0
0
0.134143
0.478942
0.507991
0.544578
0.483009
0.542192
0.497554
0.539307
0.414323
0.538919
0.550219
0.51889
0.559783
0.616429
0.584375
0.643021
0.614755
0.570339
0.470333
0.305946
0.292124
0.0580858
0.344775
0.220906
0.417579
0.476786
0.542711
0.4956
0.558365
0.569477
0.516955
0.389048
0.20785
0.273292
0.472086
0.449305
0.447688
0.382763
0.449687
0.319103
0.350801
0.132962
0.21773
0.18023
0.254253
0.477818
0.440423
0.41397
0.428423
0.524718
0.658563
0.104491
0.228386
0.270199
0.327104
0.35828
0.101425
0.15444
0.310224
0.291772
0.226578
0.357832
0.151422
0.116723
0.164811
0.20888
0.235197
0.182764
0.202385
0.0712053
0.121725
0.187805
0.128337
0
0.221982
0.0700192
0
0.152048
0.187327
0
0.00157004
0.242406
0.143918
0.317096
0.111001
0.266117
0.230547
0.31116
0.414854
0.269721
0.614421
0.26171
0.064789
0.2803
0.403146
0.501595
0.16962
0.169136
0.355599
0
0
0
0
0
0
0
0
0
0
0
0
0
0
0
0
0
0
0
0
0
0
0
0
0
0
0
0
0
0.371457
0.227412
0.112091
0.320882
0.194418
0.177229
0.315859
0.426638
0.372638
0
0
0
0
0
0
0
0
0.0894387
0
0
0
0
0
0
0
0
0
0
0
0.0751375
0.525149
0.513348
0.285487
0.454675
0.346431
0.4472
0.47936
0.357064
0.426636
0.472382
0.488562
0.452508
0.511958
0.490639
0.548146
0.572058
0.547137
0.255323
0.272476
0.269646
0.659357
0.685788
0.64445
0.588545
0.668518
0.624559
0.627962
0.611099
0.552347
0.522193
0.423661
0.482455
0.440391
0.487826
0.407748
0.461056
0.474204
0.422755
0.426097
0.393163
0.363173
0.380544
0.350971
0.171891
0.284025
0.278994
0.158274
0.324947
0.0455601
0.0543081
0.0617728
0.0352708
0.0813117
0.0478529
0.0227394
0.111523
0.0703799
0
0
0
0
0
0
0
0
0
0
0
0
0
0
0
0
0
0
0
0
0
0
0
0
0
0
0
0
0
0
0
0
0
0
0
0
0
0
0
0.00991581
0.321372
0.363227
0.451156
0.384322
0.420552
0.385636
0.35434
0.29354
0.357484
0.395128
0.439375
0.468223
0.535434
0.560174
0.637451
0.632249
0.682876
0.671661
0.726034
0.440337
0.415204
0.191332
0.587093
0.457509
0.0621116
0.463767
0.159406
0.101829
0.384013
0.0493648
0.221423
0.379187
0.0178874
0.0536782
0
0
0
0
0
0
0
0
0
0
0
0
0
0
0
0
0
0
0
0
0
0
0
0.0204358
0.167163
0.211601
0.356169
0.420521
0.49092
0.424902
0.474303
0.18015
0.29625
0.49043
0.441004
0.49558
0.458459
0.440322
0.580955
0.593697
0.588315
0.536562
0.366518
0.0643996
0.108979
0.16867
0.235963
0.313785
0.497678
0.489829
0.57253
0.482796
0.569784
0.560295
0.535587
0.324568
0.156261
0.152599
0.208183
0.363135
0.39087
0.126841
0.0457641
0.254691
0.419999
0.353049
0.470225
0.416312
0.384967
0.500103
0.436022
0.436554
0.41699
0.440163
0.444318
0.40325
0.367971
0.308123
0.299719
0.274756
0.176115
0.357231
0.324984
0.268086
0.384489
0.325372
0.0913823
0.204595
0.305069
0.255124
0.137088
0.126234
0.358305
0.472669
0.464739
0.520688
0.491465
0.506479
0.481598
0.303076
0.385765
0.472895
0.448113
0.456915
0.327688
0.194092
0.0740354
0.0835399
0.217483
0.171874
0.182458
0.309842
0.126749
0.160286
0.510869
0.634872
0.647301
0.632494
0.528332
0.395559
0.326501
0.292936
0.160261
0.303533
21454.2
120139
0
0.0972154
101075
0.0357646
0.353846
0.410923
0.435105
0.446198
0.438681
0.402209
0.350435
0.422381
0.358024
0.336655
0.373452
0.4166
0.373179
0.391856
0.408265
0.376804
0.329086
0.401845
0.419226
0.455438
0.456048
0.512879
0.563871
0.58174
0.588761
0.635826
0.690641
0.701909
0.670311
0.692421
0.689035
0.705305
0.471741
0.38739
0.34328
0.255857
0.115434
0.342482
0
0.246154
0.617899
0
0
0
0
0
0
0
0
0
0
0
0
0
0
0
0
0
0
0
0
0
0
0.479596
0
0
0
0
0
0.0448128
0.0923665
0
0
0
0.368551
0.361141
0.352339
0.389802
0.425826
0.342165
0.301213
0.354713
0.152338
0.396442
0.145426
0
0.499988
0
0
0
0.297471
0.406841
0.576119
0.599391
0.636055
0.673784
0.463584
0.504965
0.279593
0
0
0.472197
0.246245
0.323877
0.56095
0.76552
0.746554
0.738504
0.711202
0.435958
0.32787
0.253238
0.366885
0.188745
0.378664
0.353123
0.199226
0.260108
0
0
0
0
0.188366
0.353501
0.163692
0.110092
0.186619
0.331983
0
0.164598
0.233027
0.195489
0.161058
0.096668
0
0
0
0.123341
0.415273
0.125775
0.427147
0.550725
0.56488
0.502103
0.421489
0.191446
0.196122
0.472142
0.498674
0.510793
0.450118
0.364705
0.419657
0.473914
0.478468
0.416047
0.484855
0.487294
0.432701
0.265894
0.40171
0.494032
0.42362
0.399512
0.415669
0.445956
0.431388
0.41529
0.352816
0.199312
0.0553081
0.121336
0.284742
0.327707
0.386309
0.396488
0.250687
0.181903
0.101616
0
0.00180736
0.117315
0.190151
0.202851
0.101823
0.208149
0.270613
0.137696
0.178772
0.207771
0.120358
0.192269
0.423719
0.196259
0.320014
0.280346
0.367066
0
0
0.344335
0.18116
0.193916
0.152953
0.423207
0
0
0
0.0313482
0
0
0
0
0
0
0
0
0
0
0
0
0
0
0.13923
0
0.346779
0.149145
0.197527
0
0.101989
0.0806594
0.312202
0.393769
0.456595
0.474736
0.384918
0.296182
0.13139
0.0983214
0.112505
-0.000165853
0.0192565
0.227577
0
0
0
0.202789
0.401377
0.585297
0.660488
0.669282
0.672156
0.668062
0.698509
0.70291
0.671651
0.31724
0.283524
0.264837
0.267398
0.0205729
0
0
0.407106
0.471817
0.290491
0
0
0
0
0
0
0
0
0
0
0
0
0
0
0.193154
0.339375
0.0904788
0.32839
0
0
0
0
0
0
0
0
0
0.134143
0.478942
0.507991
0.544578
0.483009
0.542192
0.497554
0.539307
0.414323
0.538919
0.550219
0.51889
0.559783
0.616429
0.584375
0.643021
0.614755
0.570339
0.470333
0.305946
0.292124
0.0580858
0.344775
0.220906
0.417579
0.476786
0.542711
0.4956
0.558365
0.569477
0.516955
0.389048
0.20785
0.273292
0.472086
0.449305
0.447688
0.382763
0.449687
0.319103
0.350801
0.132962
0.21773
0.18023
0.254253
0.477818
0.440423
0.41397
0.428423
0.524718
0.658563
0.104491
0.228386
0.270199
0.327104
0.35828
0.101425
0.15444
0.310224
0.291772
0.226578
0.357832
0.151422
0.116723
0.164811
0.20888
0.235197
0.182764
0.202385
0.0712053
0.121725
0.187805
0.128337
0
0.221982
0.0700192
0
0.152048
0.187327
0
0.00157004
0.242406
0.143918
0.317096
0.111001
0.266117
0.230547
0.31116
0.414854
0.269721
0.614421
0.26171
0.064789
0.2803
0.403146
0.501595
0.16962
0.169136
0.355599
