0
0
0
0
0
0
0
0
0
0
0
0
0
0
0
0
0
0
0
0
0
0
0
0
0
0
0
0
0
0
0
0
0
0
0
0
0
0
0
0
0
0
0
0
0
0
0
0
0
0
0
0
0
0
0
0
0
0
50
100
150
217
167
100
83
66
50
16
0
16
50
100
150
183
217
250
133
50
183
250
133
16
0
0
0
16
100
167
133
116
100
50
16
0
0
0
0
0
50
66
50
50
16
0
0
0
0
0
0
0
0
0
0
0
0
0
0
0
0
0
0
0
0
0
0
0
0
0
0
0
0
0
0
0
0
0
0
0
0
0
0
0
0
0
0
0
0
0
0
0
0
0
0
0
0
33
66
50
66
150
133
100
133
66
0
0
16
33
16
16
16
0
0
0
0
0
0
0
0
0
0
0
0
0
0
0
0
0
0
0
0
0
0
0
0
0
0
0
0
0
0
0
0
0
0
0
0
0
0
0
0
0
0
0
0
0
0
0
0
0
0
100
217
317
350
267
150
33
0
0
0
0
0
0
0
0
66
83
183
283
183
66
0
0
0
0
217
467
1185
1536
1118
684
167
66
150
233
233
150
100
66
133
133
133
200
183
167
133
100
66
16
0
0
0
0
0
0
0
0
0
0
0
0
0
0
0
0
0
0
0
83
233
250
200
133
50
33
16
0
0
0
0
0
16
50
100
167
250
183
66
50
133
567
1052
885
300
0
0
0
0
0
50
83
50
33
50
33
0
16
16
0
0
16
33
50
50
33
33
16
16
16
33
50
50
33
33
66
50
33
50
33
50
50
0
33
50
16
0
0
0
0
0
0
0
0
0
0
0
0
0
0
0
0
0
0
0
0
0
0
0
0
0
0
0
0
0
0
0
0
0
0
0
0
0
0
16
66
83
66
33
16
33
16
0
0
0
0
0
0
0
0
0
33
50
83
83
50
33
0
0
0
0
0
0
16
50
33
16
33
16
0
0
0
0
0
0
0
0
0
0
0
0
0
0
0
0
0
0
0
0
0
0
0
0
0
0
0
0
0
33
50
100
217
233
200
167
66
16
100
200
250
233
100
0
0
83
233
267
200
183
116
16
16
217
417
584
617
417
200
50
16
16
16
0
0
0
0
0
0
0
0
0
33
66
33
16
16
0
0
0
0
0
0
0
0
0
0
0
0
0
0
0
0
0
0
0
0
0
0
0
0
0
0
0
0
0
0
0
0
0
0
0
0
0
0
0
0
0
0
0
0
0
0
0
0
83
150
384
517
200
0
0
0
0
0
0
0
0
83
183
233
283
233
200
200
83
0
0
0
0
0
0
0
133
133
0
0
0
0
0
0
0
0
0
0
0
0
0
0
0
0
0
0
0
0
0
0
0
0
0
0
0
0
0
0
0
0
0
0
0
0
50
100
116
233
300
367
283
116
83
16
0
0
0
0
233
300
167
183
217
183
66
50
83
83
33
16
66
66
16
0
0
0
33
50
133
133
16
16
50
133
133
33
0
0
0
0
0
0
0
0
0
0
0
0
0
0
0
0
0
0
0
0
0
0
0
0
0
0
0
0
0
0
0
0
0
0
0
0
0
0
0
0
0
0
0
0
0
0
0
0
0
0
0
0
0
0
0
0
0
0
0
0
0
0
0
0
0
0
0
0
0
0
0
0
0
0
0
0
0
0
0
0
0
0
0
0
0
0
0
0
0
0
0
0
0
0
0
0
0
0
0
0
0
0
0
0
0
0
0
50
100
150
217
167
100
83
66
50
16
0
16
50
100
150
183
217
250
133
50
183
250
133
16
0
0
0
16
100
167
133
116
100
50
16
0
0
0
0
0
50
66
50
50
16
0
0
0
0
0
0
0
0
0
0
0
0
0
0
0
0
0
0
0
0
0
0
0
0
0
0
0
0
0
0
0
0
0
0
0
0
0
0
0
0
0
0
0
0
0
0
0
0
0
0
0
0
33
66
50
66
150
133
100
133
66
0
0
16
33
16
16
16
0
0
0
0
0
0
0
0
0
0
0
0
0
0
0
0
0
0
0
0
0
0
0
0
0
0
0
0
0
0
0
0
0
0
0
0
0
0
0
0
0
0
0
0
0
0
0
0
0
0
100
217
317
350
267
150
33
0
0
0
0
0
0
0
0
66
83
183
283
183
66
0
0
0
0
217
467
1185
1536
1118
684
167
66
150
233
233
150
100
66
133
133
133
200
183
167
133
100
66
16
0
0
0
0
0
0
0
0
0
0
0
0
0
0
0
0
0
0
0
83
233
250
200
133
50
33
16
0
0
0
0
0
16
50
100
167
250
183
66
50
133
567
1052
885
300
0
0
0
0
0
50
83
50
33
50
33
0
16
16
0
0
16
33
50
50
33
33
16
16
16
33
50
50
33
33
66
50
33
50
33
50
50
0
33
50
16
0
0
0
0
0
0
0
0
0
0
0
0
0
0
0
0
0
0
0
0
0
0
0
0
0
0
0
0
0
0
0
0
0
0
0
0
0
0
16
66
83
66
33
16
33
16
0
0
0
0
0
0
0
0
0
33
50
83
83
50
33
0
0
0
0
0
0
16
50
33
16
33
16
0
0
0
0
0
0
0
0
0
0
0
0
0
0
0
0
0
0
0
0
0
0
0
0
0
0
0
0
0
33
50
100
217
233
200
167
66
16
100
200
250
233
100
0
0
83
233
267
200
183
116
16
16
217
417
584
617
417
200
50
16
16
16
0
0
0
0
0
0
0
0
0
33
66
33
16
16
0
0
0
0
0
0
0
0
0
0
0
0
0
0
0
0
0
0
0
0
0
0
0
0
0
0
0
0
0
0
0
0
0
0
0
0
0
0
0
0
0
0
0
0
0
0
0
0
83
150
384
517
200
0
0
0
0
0
0
0
0
83
183
233
283
233
200
200
83
0
0
0
0
0
0
0
133
133
0
0
0
0
0
0
0
0
0
0
0
0
0
0
0
0
0
0
0
0
0
0
0
0
0
0
0
0
0
0
0
0
0
0
0
0
50
100
116
233
300
367
283
116
83
16
0
0
0
0
233
300
167
183
217
183
66
50
83
83
33
16
66
66
16
0
0
0
33
50
133
133
16
16
50
133
133
33
0
0
0
0
0
0
0
0
0
0
0
0
0
0
0
0
0
0
0
0
0
0
0
0
0
0
0
0
0
0
0
0
0
0
0
0
0
0
0
0
0
0
0
0
0
0
0
0
0
